7630,4038
7926,-312
-475,-931
1580,9210
-649,2939
4462,8169
8880,6502
1860,-880
1214,3459
5930,5737
-274,5733
2321,4821
7036,7506
7410,-8
6353,4644
164,6469
2871,-221
7675,6333
6184,6225
3271,2361
9885,5786
7716,2055
8890,4768
1240,2741
4632,9069
3319,8138
2923,1934
8814,7263
2708,3132
4756,-403
9759,3599
8872,842
7489,6549
3249,5148
7648,3685
8878,3621
2714,8074
4713,5852
8188,3061
8759,-25
3111,6924
3478,4207
6251,5488
1069,9020
4828,4163
2728,3049
8836,7722
-576,8886
8971,7436
9509,1537
-887,1802
1111,257
2110,-413
-397,5392
7650,9701
7651,9172
-769,8415
6334,3652
5289,2247
-746,726
8231,6765
3868,-408
-110,1174
8576,5544
1698,-92
2289,387
-140,5958
2173,9248
9554,3211
4844,2253
113,1532
8618,9619
9571,5356
2872,8293
2071,-412
3589,3832
1219,3273
6993,4450
276,5331
9293,6215
2091,-690
5844,1324
4533,9116
8715,4773
9927,2210
6751,8564
5147,2379
3318,5266
-437,2551
1718,9282
6162,7408
1521,4037
1010,8660
7266,0
7813,4101
-637,63
-575,5445
8240,3007
9878,7972
9188,-567
3202,8599
986,1585
1067,6337
6385,2678
8261,8987
5711,2982
6172,6025
87,6140
2403,1991
9415,449
7138,262
7763,1376
133,707
7535,9617
1591,313
9817,3490
3422,2032
7162,4983
4766,8134
4925,1917
3616,8829
5262,3515
4629,8356
504,-240
8657,5193
1101,9683
9104,4257
858,8930
4462,3845
932,5020
4719,645
1513,8304
6342,6058
5185,6769
3322,8679
362,2278
9814,1855
1568,-888
650,9211
7561,8216
6103,4915
9923,817
1078,-265
2808,3171
103,4202
1569,8478
9439,9368
9890,3981
6265,2092
6314,4370
484,2520
5869,2938
9921,2255
4058,8512
7210,602
-362,1108
9178,3019
1518,6245
870,4279
3682,-651
7318,6365
4335,698
8860,5669
-338,3226
4201,3329
7854,8859
8296,487
-157,2864
1093,8269
5840,9529
8783,2512
219,7101
9194,9420
-297,5780
9269,339
8532,8501
2118,6158
8127,3235
6477,1127
5378,987
281,177
3294,601
7119,8169
3562,5310
2932,2398
8226,2056
8788,3415
2961,3739
3539,3519
9289,6378
1129,1069
3737,8486
8312,7653
5005,7792
6902,5880
3391,1650
4672,-505
5623,6377
3323,2828
7093,8190
5122,7504
2719,5518
7764,3082
3,3307
2420,-559
646,1873
3612,3208
8006,1539
6000,1427
9298,3573
8484,3561
6676,6579
2474,7158
-55,9909
1743,2770
6926,2673
9412,8113
4716,8283
9563,246
5427,461
7143,2623
6980,6109
4547,3054
1518,9232
8881,3374
9828,2239
8282,301
35,-723
9697,6962
9120,317
2771,-215
7268,8265
156,2820
8938,6359
3856,-254
4468,8260
7576,3088
3335,861
4630,9155
1079,3933
3864,2083
592,2010
7771,5217
742,5327
5037,6771
2991,7525
4321,3063
2193,9623
2078,6795
884,2411
9931,3017
105,9522
7552,3371
5879,7371
5393,2458
8646,-32
368,1767
121,9355
9971,38
3792,7247
-583,-129
7781,-454
5153,3963
5773,2457
-348,8084
7058,9075
274,8720
587,9811
-965,-723
9513,9998
7298,7932
2232,4446
4501,2206
3023,1259
9338,5092
4109,-333
3597,3680
9402,7290
-821,-364
6661,-629
9069,6736
7924,-742
2420,7542
6125,2781
4589,7197
2439,4930
1128,6344
7739,2477
9839,5522
7778,7638
5507,-166
8863,-711
5081,3220
8038,3741
2307,5838
7424,7533
5784,7136
7113,2982
513,9913
3037,1340
-975,1077
3733,4837
9533,8137
1083,-39
1687,8180
1204,8632
4335,1059
1980,4791
7608,1271
8315,5980
4001,4712
-265,9388
8602,-689
4321,9588
7356,4259
4086,2274
1049,3691
3769,3496
3447,8570
-617,2909
3075,235
2032,4130
1029,2441
-997,1507
2930,7817
1618,2840
9866,-377
8828,7233
6212,5488
3521,843
6857,9433
2426,1022
1266,-785
1966,1347
6466,8749
3273,9996
9607,7298
5653,2533
9126,3762
165,9082
9166,2703
-193,540
5904,-495
3066,-754
4754,9241
4899,5809
2171,6694
4462,3530
6509,7978
5209,7596
5848,-2
4955,3425
1860,1619
-884,2398
8285,7181
-718,8790
6995,4460
1770,2067
-648,6973
4068,4523
7117,-16
1816,2764
4069,-442
4594,9025
6073,5494
2226,5629
3750,6771
2312,175
8288,7953
9194,5256
2889,6208
2217,3857
8739,4929
1121,7201
9763,6259
1279,2181
8781,-147
3850,9790
553,8304
222,-448
7635,7057
3386,9353
7818,-637
5698,7882
9433,437
1092,9815
5289,9894
6478,7234
5291,1410
6132,3639
1715,1715
-364,3185
9655,8329
8452,195
8699,3481
7411,7047
1220,4257
9652,1185
-28,-761
6497,4612
9080,6898
1232,708
7687,7801
-210,4130
-996,9827
5723,6598
6285,-6
6385,761
8869,6088
2266,2677
2378,8563
4031,410
4414,6846
-147,7277
4910,5266
6597,42
2313,2286
3149,1143
7283,280
5177,6691
5759,9727
3742,4441
3083,-267
165,-182
1700,6449
9272,8738
729,6258
-959,5804
-4,8004
1897,6479
8425,4396
5602,6954
8860,8808
-991,4360
5429,8419
3415,-794
8198,7608
3798,7839
7756,3382
2883,2845
-811,5022
7538,3254
853,4535
-8,5811
-54,3882
-838,2449
962,9285
2456,2966
882,-26
3063,-204
9194,1108
8236,1127
-956,5577
7717,8314
6453,-369
463,2857
5864,2225
1192,6851
7381,8356
5374,3431
3219,1798
-123,1186
6168,5475
8335,6965
3522,9352
967,2122
4699,1615
-298,3817
1036,1446
5366,1107
5818,5930
8515,8855
9001,919
8052,2646
-893,1728
620,-744
6801,9839
5227,8383
5895,3029
8509,6641
7831,3563
4893,1235
2257,-722
4558,5595
7113,6609
4405,3076
5142,-492
5848,6886
9932,2707
6702,3697
-969,9881
-958,1764
164,8442
7471,5018
2526,8222
7517,724
2676,465
9013,8228
4783,8540
7035,3958
7096,358
-930,4038
2480,4103
3245,942
1744,3575
5879,5173
3131,-621
5490,-273
3978,2073
7716,2058
8222,1132
2377,352
4737,7426
2696,3438
6938,3263
4033,6402
682,6658
1435,-606
-141,6835
2426,2585
8585,2829
-695,3879
-878,3536
-963,9012
8735,8715
6733,7384
3863,2174
8070,6640
5948,5744
6579,6120
4647,3809
4562,3920
9733,320
880,9779
3103,4347
-383,7692
7054,3399
2591,896
-378,9851
9007,1896
5103,2298
7051,5141
9963,9997
5350,-200
3426,2833
4090,5332
5437,6506
8090,5099
1146,6026
2928,460
1603,7253
6880,1010
5417,9649
4350,5626
2585,8145
8837,324
8261,202
2820,9245
5301,5801
9387,503
3468,2734
8625,3645
8007,2205
7358,6875
7454,1696
5381,6289
-387,-73
9395,4598
4972,-211
1226,8516
277,6829
5973,-359
6439,2620
5527,2490
1888,4677
4783,4798
736,7844
-674,5739
1249,-370
1180,2877
6636,6012
8843,2775
6129,6983
8756,8633
7259,8931
6271,3248
8856,8359
8238,-111
8186,3540
5141,3974
9592,1978
5939,29
6788,3287
3432,964
432,40
7775,7498
4341,2576
1788,6990
3376,875
2018,6826
6970,8880
2658,7103
6357,966
7328,4122
8255,6091
-798,6981
9762,7824
2325,596
-52,9917
3403,1043
7923,8551
13,3721
2896,-483
3157,7172
2782,1881
6234,1536
3336,463
6811,1055
-543,9765
-651,5199
3447,8837
5297,8518
1638,6779
4617,7544
5193,6036
5798,8089
2416,2144
150,2072
513,1707
962,3029
4779,1789
256,1996
7946,5967
3181,8353
4631,2627
4067,8175
5241,9519
3962,4017
1991,1903
2665,3098
4324,489
-64,3931
9680,2144
765,1323
6692,1239
7085,-913
-182,8728
5453,8014
1130,2455
7629,8300
7117,7301
1035,3718
5936,9844
9108,3946
6699,1201
8992,2932
7655,1738
2143,4036
8398,4642
9620,2780
8682,6595
2190,-53
4031,-881
1537,9433
893,4921
-119,6851
-131,9753
6714,7742
4722,7747
2232,3948
5247,2545
4782,7371
1449,3683
2886,7648
4937,2518
9204,6205
2871,7511
6602,9628
3293,3960
64,3493
3880,6365
4024,3565
5308,3735
5736,5947
4447,628
4945,5415
-955,5551
8348,7407
3164,388
6922,3218
6868,3555
6167,238
7930,5160
9308,5940
7195,2981
5512,1952
9393,7458
2071,5535
4329,7135
734,9077
9105,4429
7821,1961
-749,688
6167,-529
-879,1013
9438,5077
6914,5474
2235,8646
4533,4743
1753,5479
8615,-541
7320,7955
4074,9885
3452,2199
7576,7676
6798,2978
5086,9856
7705,7118
4539,8861
-560,-694
5759,5200
-296,4191
7981,5089
1985,6301
4354,7806
8118,5144
7556,4179
795,7073
2250,4633
2636,4918
7905,-667
1111,-375
721,490
4925,8657
8749,4659
9196,7016
3598,-432
4107,2289
2143,9999
799,726
8616,8805
-581,9376
3654,4103
4961,6163
-445,6548
-594,-426
3641,9807
5790,415
9952,6718
6778,7211
8449,176
4610,881
4747,741
862,2471
7004,2158
9836,224
3126,2103
-158,-8
3795,6330
-50,6945
6432,7256
1064,9112
3311,9928
667,6218
-615,3842
1127,1387
8421,2936
9583,-148
4398,969
6767,3932
-859,2836
8208,9503
117,8615
5789,4936
7718,5268
2390,1282
9212,6251
2932,173
8927,5278
6137,5422
2272,8109
928,5150
4159,3695
7706,3982
6318,8398
4995,-945
2386,5499
9532,2919
6271,7012
8159,7112
4437,7809
4397,3075
9528,6988
1090,-819
8370,8774
3226,-719
9755,9983
2672,3463
7140,4424
-653,8402
5686,3000
3754,8752
3038,-608
7024,6145
4905,7912
2234,-785
8032,-316
1952,2617
7276,2080
4222,2677
3894,9879
3744,-210
5359,1827
1321,9598
9028,-617
1344,1637
3401,9730
1690,6410
9289,8154
6793,5928
8132,9830
9632,5959
536,6284
7570,560
604,9272
6481,3761
-626,927
4756,8491
1464,1925
2998,7383
1842,182
7508,4711
-948,3191
7174,1018
1188,7182
4419,3667
4967,4612
-144,3388
3471,7324
1844,7959
9965,6827
1998,710
9036,2906
8214,820
6537,-418
4839,6346
7942,2068
932,-643
7818,837
7083,5185
6628,4205
1020,4326
8483,9457
4829,7501
7470,2203
4679,1074
9387,-255
8596,779
1602,5539
1641,8754
2606,3205
2981,-310
1796,8049
3587,4301
5587,-245
-132,9989
5647,3851
9068,7476
-251,341
7124,6247
3487,7029
3952,3505
9393,795
4070,9458
9320,2040
9489,2090
8008,6585
7072,3118
4765,7425
-24,207
3511,4986
9432,143
4814,9951
2310,222
3721,-420
9498,5146
3636,2920
-870,9246
2431,9213
4751,9738
8234,2630
2973,483
1067,569
7588,4534
8095,8004
3397,7490
-671,5707
-617,9562
8409,-928
9371,2786
2065,406
-972,-667
5103,5795
1147,9289
7361,1043
-967,7113
6017,6448
4899,4400
6253,-530
113,8950
-672,506
3441,5260
118,553
-678,-5
4850,345
9617,7185
7985,1494
3415,1480
5079,-2
381,1706
-378,3686
-733,6715
5733,5164
1177,4260
-650,9630
7822,-670
7233,2859
8561,6242
5303,5917
7598,5675
7038,6970
85,6575
-300,6463
8758,9243
643,2289
1122,9892
5727,5518
780,5917
6602,9218
63,3589
8135,364
8696,4699
4546,4494
2513,6511
2540,9501
1954,-76
4525,1139
9804,6694
1317,-484
1005,5240
-689,5274
5033,2996
6983,4344
8361,4773
882,6686
9469,3758
5892,1337
6049,3748
6172,7353
4541,8641
7195,1250
998,7177
6277,9703
7963,9757
1757,3417
9424,5355
8341,4464
9498,6428
2477,7941
3134,7753
-469,5040
3484,1219
8378,6701
109,5118
8626,6564
8808,7408
5517,1115
7896,1616
709,-911
2667,-298
1862,7948
6205,1032
1392,8474
5663,2277
7372,404
96,9291
4867,8889
-213,8601
8493,7620
-743,9306
4721,4355
8656,3011
-669,7274
3418,8183
2421,1336
8260,2463
-900,6253
1040,2069
7799,1452
1354,4564
7941,7679
7906,7982
5757,6907
9523,7103
6977,2565
2935,4586
4595,5763
3653,9523
8772,-688
4924,3325
5559,1048
2075,7286
6078,6175
1387,8395
6884,2093
9408,1488
9978,6812
1713,5791
5702,9869
3093,1161
-797,6342
8082,262
8162,4853
5613,3557
3483,5671
9670,2198
9178,3311
7649,2887
5498,7684
4001,8607
8481,2508
4686,7906
3843,1821
-643,1375
5808,240
9699,9738
8464,-836
9424,3212
3402,1841
4242,4218
6716,1456
5911,4758
9685,8454
1352,4541
4049,5531
9460,5210
3058,4840
6862,1460
3874,872
6457,4228
-361,3526
3637,937
1792,4512
-202,7408
9276,1918
91,4355
7662,2816
9945,150
8348,4227
2667,1020
3799,9586
3592,7137
7346,7784
6154,5798
2918,3373
7812,5770
7988,1408
5733,2919
720,5812
4857,5128
3615,4623
-871,6580
1488,4399
1688,6490
9873,5500
4927,7203
-132,9168
6612,-83
6008,3968
4916,335
5183,7731
6767,662
2078,6622
9669,552
4702,3940
4817,-970
5012,6740
6093,5121
4452,6194
2034,5346
5316,-376
9773,9170
2876,9577
1802,4225
6404,198
7293,7798
5525,6400
632,1132
50,9808
6489,758
3896,1695
9017,9885
8556,9912
2099,1776
4136,2387
5993,8697
7453,1679
896,-205
3724,8550
3067,1589
7137,7316
335,4519
5852,9804
4381,7437
3559,2062
6956,6112
3382,7433
5718,-115
8481,-206
8735,286
840,-357
4151,4294
1858,2057
6041,9441
-9,8067
1425,5947
2495,6640
5524,4862
8506,2272
4977,9956
6444,2490
-627,3249
9231,1711
7838,-871
365,8
5938,7781
7271,2461
4661,5294
4252,9202
5512,2460
2230,8565
4826,-995
1830,2032
5681,7082
1881,9220
7642,2239
7437,284
5195,149
7927,8881
8263,181
8810,7248
5544,1351
5186,9095
8788,8315
7655,8214
1020,-897
7589,8606
8465,912
3798,7480
4190,-432
7451,2707
4221,1328
7179,33
2653,150
5174,7621
6528,2250
6606,8686
1300,279
2190,8835
8957,1764
7355,499
1773,4513
8915,7337
2305,5875
9027,6390
8150,1535
3234,4202
3880,6681
1965,2565
4013,-200
1510,6238
8675,6608
4793,6591
2345,105
7021,3065
4649,4770
8068,1029
-132,416
4245,4178
8844,7554
1140,5387
7783,1007
8709,14
9434,2404
487,9031
5071,4035
5467,6636
6050,7497
5656,2422
3757,9602
-698,4086
5856,866
2202,6658
5681,9935
5710,5871
-152,309
5816,7392
8365,7281
3309,5858
9475,6280
326,647
5175,9662
7559,-880
9470,9603
9410,3
4002,4429
5833,3991
1151,-507
2617,7448
4678,8596
1804,9627
9865,7847
6943,4885
5634,7862
6641,7779
3426,6659
5224,9400
1674,4937
1527,4926
3137,2339
6951,-442
2348,6580
9250,1488
9034,5249
4995,1381
1799,9227
1920,1121
734,2913
6323,6532
9615,9976
5612,4597
2167,9366
8425,3371
3092,6398
2976,7772
5952,5798
-369,1842
4543,9176
5445,-671
404,9288
4959,-756
9417,4009
6022,2009
4285,9525
522,6807
1930,6019
4246,6678
4801,8596
3942,3964
7130,2042
8215,5628
7825,1963
956,8846
5300,7099
-99,7714
495,4065
1859,4846
4211,577
1866,1085
5688,-785
523,9799
3849,8870
6899,7985
9833,9063
772,9174
4669,7233
7339,9904
642,9174
6091,-818
6045,6836
7500,7550
7267,3747
5981,6461
-151,1404
4991,5556
-957,9551
5875,8964
5759,4649
4120,8094
7310,2898
6778,2805
3033,91
3868,798
3722,1697
6810,5721
1107,1856
1639,3275
1457,4601
7384,9764
1835,9459
1801,2397
3696,7176
2730,9698
6964,9196
9200,521
5316,2351
5093,6879
4331,3808
-398,2648
3166,3886
5675,483
4701,9912
-281,113
5464,-290
4853,4743
5540,9552
709,6210
7979,6045
3967,6336
8481,3343
-996,8293
7763,5406
8471,1751
5511,4565
5571,7014
9369,9178
6116,3789
2726,8384
8117,4941
4957,3722
8360,4430
252,6895
1825,1067
596,9097
3715,6366
6406,3966
-465,-229
1349,-693
8800,8559
107,3646
7246,443
1981,2069
5163,5416
4095,9711
3863,1750
2648,6611
7676,2629
449,2939
8849,897
8941,5008
9819,1609
2148,8602
7329,6463
1917,5350
4023,3857
5441,5183
928,3221
6786,7988
7423,4265
3529,8526
-894,3290
1195,5981
1401,4348
4341,-73
4353,7565
6660,9809
8700,6472
9069,4540
4648,5342
1175,2379
5094,4808
-528,37
2610,6057
6646,8440
7800,9986
3313,2243
9895,5819
5333,9382
5192,2138
7566,4346
6457,-873
6237,886
7678,7020
3358,9444
8608,322
8001,-811
3734,6662
6612,6841
331,1439
6409,4961
-274,-678
3179,2620
4105,9400
8053,4298
9076,5547
6926,9258
-79,9452
2081,6909
7962,4977
8275,5785
2273,5598
4021,5245
2800,1760
4348,2871
7418,-43
4446,-236
5569,7077
6571,7242
6141,3463
7003,3497
1309,7948
593,374
346,4816
1417,-383
9739,2883
5855,51
4995,8611
9612,2870
5946,2821
5824,-73
1922,-228
-447,1332
1528,-234
5446,3615
-358,4888
8859,8271
4215,5008
6144,8566
4654,6796
1729,503
3156,4063
5847,7597
2050,4833
1048,8652
8522,7066
2099,6645
6866,6806
2450,4151
3489,4348
1394,-583
2391,4001
428,-938
2544,4878
5895,3763
4404,948
3920,4346
4884,2239
401,9175
7028,7262
1780,4790
6037,4230
7679,2248
6896,4180
-896,7846
-147,231
6534,6469
521,2275
7178,-195
3889,6135
3164,8920
8015,3203
931,3131
5419,5250
5690,-908
5836,4474
7922,9712
-877,-841
9296,1328
7169,463
8967,7284
-664,6710
5087,1489
6736,3935
7776,9699
6713,1883
8210,9316
2940,4760
8780,6476
9115,9470
4461,2374
4926,4231
2641,3235
3232,-251
9748,7512
9605,5656
5452,761
6159,4145
8945,7003
6753,7839
1437,5189
-1000,7792
-423,8272
1012,7699
3165,7031
-956,6346
9515,5032
3795,-348
-177,-814
2051,-247
1566,4199
1145,7547
338,9842
3724,-334
2756,8605
8556,9521
9176,8071
8743,4912
316,5922
8993,8611
3564,7060
7538,362
-916,4740
939,798
3704,8263
5328,8000
1976,3798
2956,9230
3360,8506
3670,9843
7502,-702
8692,953
-594,-675
2311,5864
8321,-439
2572,4801
43,7344
8646,6249
2502,-424
3908,2450
3407,8660
145,4467
-931,2379
2231,4338
8493,3051
-13,7199
-297,1016
2387,8746
8466,-745
7408,3472
2188,8566
182,5191
6092,6263
3008,1419
5853,1278
3749,8109
4263,3300
3382,793
1143,1002
8057,4020
5879,3078
4180,8298
6731,701
6660,3108
8990,9549
-522,-561
1249,3865
288,2062
7172,3452
7487,3567
175,748
1654,7180
2163,9860
355,9373
5647,-577
8313,3371
-807,9305
3804,2439
8449,6117
4645,5163
8967,4223
180,2932
6191,9866
120,4173
7909,8402
6332,2387
-442,6302
2358,4242
-9,4610
7346,2394
6109,6739
8236,1244
6416,697
1785,7759
9967,2074
4701,4815
9312,4687
596,9141
4500,7863
4091,2770
2145,832
8483,9897
9954,-95
6598,-931
-98,-587
7511,-613
3597,3124
-131,3388
3525,2514
-721,7507
2078,8254
3884,6887
1182,3618
9981,-25
4032,9400
5516,7450
7464,952
1970,6663
9340,8429
-368,4118
-652,8767
7956,9733
-56,9221
4948,6283
-451,3357
7615,3133
5172,1518
7882,6327
4079,6870
1798,1066
5613,4317
7215,7156
418,561
9814,4074
7931,7368
7488,-215
5961,5538
2145,2649
887,6309
5558,3860
9798,5718
9349,6156
4091,3207
1985,133
8409,542
436,1001
5875,9664
7398,4984
6696,4768
9335,724
4714,4160
4962,1612
8466,5046
1380,491
8170,-514
6847,8247
3939,1439
9263,8594
-232,8796
9116,8603
576,-132
2359,5374
3467,1638
6646,3812
-837,5926
6761,7314
-929,7277
2792,2880
6110,-8
-303,1013
9398,8079
8356,6865
1485,2484
3943,1129
6184,8454
2144,5975
9222,2017
2010,-477
1427,4314
430,5503
471,4904
7229,4946
1998,-413
2489,9592
3082,1429
9929,9542
1871,-486
1675,579
6905,7607
4401,3592
-136,4173
1946,4416
6933,8610
1901,-851
9427,-719
191,7114
4933,8156
1287,3558
9806,818
4533,8893
9920,5049
-498,5006
7508,6197
6024,-308
4680,1025
3537,2895
2802,3282
4880,-55
1269,5657
415,1734
3631,8102
6732,3494
3964,2616
658,5910
6361,9423
2447,-525
6033,7941
9469,2428
8570,-612
3036,8065
2731,2038
5742,4789
7479,3019
4991,5318
7188,2527
5197,4076
4148,5868
5049,2635
1879,3788
1663,4345
5512,389
9064,4871
559,5060
4857,-394
3297,6423
4761,9767
-231,441
7317,-113
4026,6170
7576,-270
4557,3759
-851,1895
2853,9149
9283,7509
-271,1304
8922,3704
4012,-950
4102,7058
2446,9376
5565,7370
6748,4038
5696,7623
7221,3654
3842,3574
9138,3639
3032,9583
2508,1878
9575,5604
9534,4877
8918,9216
6990,9761
4394,2482
3633,8090
3279,9497
7161,5978
4204,1495
595,8968
9376,918
7849,2077
3207,9913
258,-607
9277,2540
9578,476
5062,5960
9309,7745
8119,662
5408,2940
445,2097
472,5785
8645,4226
-514,458
7641,5819
9373,8028
3830,9864
9019,5475
3746,1469
1923,7675
-808,-654
7227,8846
3896,349
6111,8855
-785,905
9125,5924
4233,2801
8196,8383
7985,7145
5477,7176
6001,5793
4902,3365
690,1898
2684,8359
8158,8676
9056,8769
288,2700
2501,1282
-654,8345
7614,1684
2433,4683
1400,-897
4188,8677
2186,5839
4417,2597
8664,8364
4286,1295
-811,-505
6091,1332
6835,7985
8546,2375
4093,3433
385,80
6937,7883
5460,1880
7103,7821
2958,4290
5143,7576
670,5784
-103,9238
8652,4525
1912,1410
9586,9237
3800,-743
2486,551
8613,1136
6519,9620
1251,9959
8612,5441
962,4055
6718,1563
7130,5441
611,5585
1300,3015
7803,619
8700,8577
2588,8807
5591,1128
4315,1564
7710,9055
4012,7432
1646,-736
9907,8859
8059,5841
1463,7373
5312,2357
5333,4665
6382,1994
6794,6447
1749,5053
1474,1584
5646,4625
-674,7593
4223,-54
2165,503
435,9744
7118,-70
1151,1814
4138,2471
-695,2108
328,8514
6725,2797
4523,2
2239,8111
2264,416
9824,5663
6549,3562
2464,7829
547,9155
3411,3034
6330,1270
6482,6531
1042,6181
3617,3767
9413,8287
9882,5004
7687,190
2746,2820
9311,6720
1367,244
1246,2207
6499,6804
6444,-426
-631,8945
1295,4271
8739,8600
36,260
5462,3343
2780,-76
-911,7620
9972,3001
-528,511
5626,7239
5412,9456
6876,-14
7770,-674
9280,4140
7548,9719
1844,816
9672,2617
8788,5489
3851,1249
4258,408
8998,8650
3466,6041
-641,9797
6379,3614
7500,74
2081,2470
8495,4605
8712,2172
1799,1857
862,7945
1786,378
1864,4516
7241,5753
3619,8209
8999,5603
6944,-676
617,3043
392,4113
2698,8220
7017,1924
4834,1687
5123,-87
4547,7192
1827,1284
2170,634
7012,9888
7117,837
171,1301
4340,7956
9208,-353
3951,282
-633,9862
7974,4346
3843,4440
5551,1935
2275,9644
5697,9598
8736,3311
1665,6151
8469,6251
9572,1545
1556,3884
778,-962
4653,816
9041,1355
1093,8907
1918,8885
5560,3240
2778,4211
-223,2841
4487,8717
6355,8035
7252,1197
6375,4744
6488,7933
6929,2258
2954,6390
8394,5155
2111,9460
3380,5631
4308,4943
4667,2265
-430,-853
2537,9117
8780,3966
1578,1353
6594,4960
229,3616
8025,6316
5311,2779
5164,3796
1831,2766
3047,7998
300,2534
-784,9048
7807,1609
3166,1183
4901,2969
2162,-693
5017,5814
1452,-273
-710,6068
8248,-174
85,8038
2463,3253
6874,6352
9106,6741
5964,1214
8437,1547
2775,7533
-862,7098
1216,4775
6634,2014
4770,33
9492,4513
9853,4412
521,1068
9358,4946
1650,9121
4889,702
5649,1775
1571,9345
5013,6532
6887,3245
9090,866
388,3592
6495,7616
2005,9432
6397,5619
221,-12
5965,5030
1203,5529
3456,-210
1820,8656
8908,8065
1755,-936
-814,1057
4105,5818
2652,5220
6830,5779
5614,3091
3016,7239
6978,4113
2880,8907
9817,6204
7786,2208
6945,8594
398,3739
-91,6720
6917,1789
7980,7286
9885,5785
272,1957
6304,7171
-356,3739
5702,8312
548,-59
2181,-66
6168,7720
7471,2255
3629,-388
3159,9800
3383,924
-468,6770
9577,4003
-89,6430
2345,1962
3726,8241
4334,5778
9349,1013
8716,4502
1880,6190
4745,9405
6571,6217
6162,1030
-699,3383
6793,-760
5413,1176
6370,7793
6974,4358
5304,9281
2779,7237
7218,8394
7383,2088
-178,9354
8189,6075
7960,8796
6151,1966
214,3372
2470,4159
8396,-369
-676,6032
2042,3650
6480,8186
9088,1462
8687,1900
8989,967
9002,2668
2435,6686
5965,4262
1002,3918
3644,7368
7936,6417
1975,4608
8872,4882
5728,227
-720,4018
355,2240
4872,4176
3075,5458
1488,8187
333,4076
5069,9319
4253,-499
-448,1270
1203,9206
776,9807
1996,4797
172,4910
5844,2256
-420,5916
2815,189
2179,6180
7977,3941
6795,2658
6971,8453
8631,9172
7992,-314
3272,2093
1940,2213
-24,5671
2401,8366
-500,8567
6390,4514
1517,2774
8238,3427
9418,7651
-738,1334
5906,2269
846,6099
2812,3968
1689,-621
2242,610
1470,8107
-128,6950
425,596
8321,1538
7890,4531
4586,6435
7418,8777
4091,4690
7277,9116
364,9813
2614,4635
2289,7171
5022,-890
8133,9588
3084,5214
4318,4149
3822,4729
1432,7508
7788,6495
8047,9941
828,2403
3545,3515
7205,7818
5896,4873
-576,7166
6624,3053
7556,3012
2493,5059
4603,2137
5450,7205
-743,7110
4698,1111
5090,9903
2611,3067
8498,2342
9368,4463
6098,5459
7560,8638
3014,6570
806,7751
1010,5944
1535,2364
4045,2493
9630,9505
-143,7183
5930,8209
2737,9221
2085,737
8428,8330
6131,8054
8573,4529
9238,9086
8730,2313
821,22
6599,6785
-556,8283
6639,7573
6141,4464
2441,4276
-799,3130
5633,7789
4732,2076
1758,5658
6582,3529
5315,4818
1352,3998
-245,4476
9735,-280
8333,-549
7780,6848
2210,5416
7423,3951
3053,4651
3810,2808
1724,9414
-12,3205
9283,-482
-791,9066
6085,9204
8095,1760
7895,7617
2146,7287
4055,-476
6168,4908
8395,6569
1672,1593
8357,1031
1928,5348
8938,1245
6593,6778
9916,7758
9419,172
3128,8475
6448,3839
9343,8267
-802,2432
6925,5106
5203,2665
9188,-34
1226,-251
2332,5010
-149,4546
234,8065
-519,3654
-207,3781
9159,5466
6566,7370
9879,2522
-96,6816
1283,2532
8407,9468
3802,6332
8380,4817
498,7461
8020,9309
-67,3232
9915,9558
2352,4386
9074,6129
4504,4594
-713,6442
238,53
7268,5205
1150,3405
4031,-744
4571,8642
7905,9602
9194,6794
3624,7139
-502,1811
547,9958
4913,4497
1985,7806
4588,2125
4789,26
958,5467
6980,5049
94,-648
-748,5976
8462,9248
878,8225
5253,5867
3160,8346
2292,5964
9033,7052
2825,1330
5543,8910
2080,-391
231,1752
-192,7177
138,8085
8619,3441
5248,8529
5194,8198
1817,-990
5043,3213
5347,5929
8131,-228
5050,2433
3989,5088
7352,3972
8039,2216
4781,9499
-786,2204
9638,5433
-261,4335
5798,9004
8332,-634
8652,481
4214,2131
263,7142
6868,6580
455,8744
-668,6200
5126,8355
6845,2433
2728,8378
781,-934
7279,2076
6949,2965
7875,4955
30,-96
4521,1067
3903,8045
-233,8746
2310,5851
311,735
7145,-196
8688,1720
44,1274
9831,5847
4596,-702
768,6075
-711,6118
-130,3258
8546,6388
7911,1953
6732,7548
4833,398
9372,8549
-792,7372
3879,1019
9910,9452
3415,6927
2478,6209
6214,1231
3381,9821
4581,1642
7215,7820
9879,-461
7006,2230
1178,5662
4185,3922
5905,-722
1895,3291
3540,9782
2640,-263
-381,5051
7910,5672
7609,6066
8737,7685
8705,-955
7254,1530
3810,8976
58,699
7452,5692
8324,7187
-564,1689
1078,-874
4001,7830
9111,8808
9063,8947
2202,7220
2413,1770
1722,7060
2728,6382
120,3545
9972,6057
724,5415
7991,3441
5284,5922
1543,-410
9251,2100
2040,3610
-869,8754
3932,2847
5622,-25
5767,5797
9044,-953
460,8823
8849,9481
5342,1351
-834,6273
6188,9395
857,-638
5692,6016
6727,1949
3017,393
5048,9273
2872,2446
4156,-448
9285,8427
-830,2660
1320,7788
2547,7641
5343,9975
8180,7083
4259,4207
5064,113
3408,3128
3399,2341
4625,3470
4528,4484
661,6252
7482,7586
7989,2703
3180,7453
1756,-271
580,8208
9340,3005
8724,3907
544,1311
2323,7179
2448,4371
5895,1838
335,6079
6377,4879
9068,9013
2872,9950
1975,8723
8388,3450
559,1864
52,4546
1709,-796
1607,6762
2204,8198
9134,3697
9712,6526
-638,7439
-597,3539
5847,7920
-93,7959
2126,4996
198,-3
4514,3169
1624,474
7364,9894
2342,4212
4643,8760
6595,5399
435,2244
7151,-596
424,-190
356,695
9656,5214
6630,25
4525,7396
-883,8995
9318,2605
3457,9211
-328,2702
7279,9810
1248,3271
7044,-36
6371,-416
1593,5027
3441,502
1608,8455
7544,2095
-594,9578
3114,4014
1799,4550
6683,1535
7215,3110
-882,7192
6227,-320
3449,4238
3192,8259
-856,2507
6289,7710
5471,9960
4407,2657
9381,5536
5296,3978
-760,6421
-342,7098
1733,6174
2450,5419
5952,5771
-619,1041
8565,8587
2609,6381
8105,7224
3820,622
9801,873
8502,7384
5891,7879
5848,2203
1124,9474
3847,6953
6309,5673
6365,9993
5700,4694
8228,9964
33,4287
-581,4071
3278,6299
7671,133
9081,4173
9129,7535
3554,2473
5892,7553
2063,6208
8684,7988
2106,1124
2865,-510
-965,-722
8778,5802
-635,8013
2708,5572
9572,1651
3517,6182
1754,8284
3064,8336
-138,4129
7014,-79
-457,4988
-496,4210
6526,4530
2729,3590
9235,8501
8656,9096
9307,4415
8699,2766
3777,5327
8917,-291
6018,3071
9101,7434
1110,9636
9087,9565
2208,-656
216,7460
2643,1050
1845,8241
-504,9007
2025,5783
5239,4670
3451,1355
7564,9988
8246,-882
2002,2430
9111,7494
8516,7264
541,8224
3837,2591
366,2528
5152,2446
3187,8100
9590,9578
2498,9157
5540,3377
5286,8629
6436,5846
5548,7250
50,3033
3828,6046
-346,-560
1601,-861
5734,-665
4560,8043
6676,7387
279,6992
-75,7178
8903,4832
962,8262
9767,6016
-954,6119
8493,-310
9132,8095
4006,8206
4847,3922
190,533
-694,7823
939,984
-239,1884
486,1330
133,3955
3418,7637
226,3872
4413,5290
4619,-763
7290,148
9633,2778
2803,2104
-41,921
1265,3126
5112,3683
3616,1436
9100,6404
2506,-363
-589,8123
9419,1625
7657,8138
6612,2260
5169,4820
2600,7959
1237,2266
588,881
97,8890
1426,1260
3329,8429
3537,9180
7586,3518
1345,6957
4339,6073
6626,5194
7065,2620
5643,4514
6692,4460
8646,1669
5576,1113
-650,-242
4298,3469
2426,3540
-402,8341
3351,6103
-712,1348
7994,1430
3587,122
1461,-473
6329,3755
338,3922
4975,5306
3284,4003
8153,7274
7351,9970
924,4140
5623,8
1516,3581
-576,6661
9548,2205
2417,6957
7380,5656
5680,7116
286,6323
7338,6981
4178,7886
7214,3859
3562,2105
1709,6195
-574,9844
1147,4276
-498,7240
-66,9314
4519,9829
-819,6642
5903,3818
-714,-893
3960,2213
2627,9801
1814,4665
-924,223
9288,-198
4050,3620
-604,5242
2339,6074
5008,8396
7024,1057
7880,2547
1796,20
1656,1947
8164,8577
1926,3616
-234,9830
7250,8403
3054,9989
9479,1448
1634,9329
9543,3942
9820,8576
471,-17
4919,4010
3583,3141
1077,9027
6364,5342
380,9096
5660,2911
8767,5431
8218,8650
5582,6326
-86,8697
8036,7539
5075,2833
7961,9686
5632,9992
-638,6988
2098,-977
4626,1070
-789,2821
8903,7469
4491,4938
5371,7523
496,2036
-842,2271
5310,393
9666,8857
3467,830
6260,921
7893,-875
3392,7753
6246,724
1577,-488
3383,7065
8500,4450
520,4437
2280,4610
7248,4961
8096,7108
6745,2794
7858,6805
4093,4711
7579,4568
2977,2854
5601,180
1195,9852
3052,995
2939,9465
-139,4919
7673,8415
5458,-966
4776,9648
5841,4179
9959,8308
4041,2168
3050,2754
6937,611
-817,9801
6129,8046
8106,6144
6834,-773
8767,-30
7285,8846
4199,5302
1329,4388
2650,1863
3816,3560
864,7319
9614,7673
2986,8652
8234,9460
-726,7520
6897,5303
8337,-897
6622,114
876,1399
8154,3927
1305,5330
2549,8923
6033,-731
1092,9323
1973,9587
8572,2865
8228,4149
1735,-778
7979,7277
6033,9372
7340,8461
8030,1556
1244,4888
5887,5714
2914,5102
1328,4160
1057,6178
9437,3410
2814,544
2643,3597
-836,4350
4583,4655
6948,302
3969,6611
-518,7819
5625,3377
5312,-529
7332,5065
4479,6639
5591,625
2821,1598
4558,2926
-586,4127
1159,2592
3772,6183
3410,6559
511,2379
539,3048
7675,5692
4521,2865
1068,2080
4154,8836
8467,4642
2751,6911
7310,5709
2025,-771
599,2802
-125,-255
1324,5164
8138,7374
8390,5006
3525,3784
9474,6035
5232,3804
5633,4501
7605,4721
-501,2462
3124,4562
2344,2508
2988,1269
3036,9530
6383,3585
8836,-164
4817,1867
6956,6838
5173,4306
3248,6878
2102,6843
3756,4551
6252,6488
4210,179
5717,6758
7631,-633
7846,4844
2810,8191
9197,1292
3004,4030
6350,1892
7047,6889
5316,6130
6053,9713
4694,2312
5282,3772
428,4212
2629,1976
7191,2616
-669,7626
6868,9161
136,7217
9418,-225
8039,4333
5993,5575
2769,5588
4735,9287
-465,9753
418,6665
916,3328
5768,5618
5682,-737
3481,5096
2677,1860
8426,9999
7360,6292
-780,6142
294,7292
2740,-772
1078,-447
5093,3002
9477,4009
8669,7751
8571,7060
8135,4859
9974,9682
6348,5134
9101,7943
-472,5950
7667,5196
2891,6915
9630,8871
2718,7808
1349,2776
921,1468
9435,7783
7911,8970
6977,-287
9149,1770
-512,1950
-965,6077
8742,7425
1135,428
-973,4618
698,3376
712,5415
5962,9794
3880,-867
1532,-636
5368,4681
7792,900
4349,8100
3654,1704
5236,9655
7019,7047
2529,6159
578,4128
1829,-520
3390,2082
9713,5294
4333,-35
2375,6974
7214,7189
-757,8155
6735,8054
8294,8802
464,3792
-101,2472
2070,2248
4986,8570
126,1058
511,2573
1312,-219
2835,7452
4305,4806
9666,8665
3956,-865
3817,5952
6862,6320
1790,7307
87,7997
2794,4695
-669,2848
8608,7710
3608,2202
4596,-965
1186,5916
5234,2562
385,6789
5648,1409
7637,3284
230,8558
8164,7388
9147,5790
7020,9181
6227,8551
9513,95
3365,6185
3351,8253
6856,7893
2964,1882
9831,5446
1904,5013
1617,4725
415,1737
9680,179
5772,3714
668,2639
5147,1921
2293,9406
362,3728
3662,5256
3510,-349
9917,4035
2932,8943
9238,2186
340,-491
4840,3689
9645,6977
3814,4543
3254,540
4064,-335
8938,4147
8300,4455
5185,433
8308,5870
432,6590
5079,2230
3866,4848
7975,-133
4402,6227
2896,-994
1707,8198
2620,7585
3129,5222
8755,8032
4635,6283
-160,2218
4574,7788
2070,3713
8419,4621
6058,6857
3385,4476
4686,6350
207,3151
3807,7763
1870,2704
1360,1101
4516,4611
-805,9491
8450,7761
4822,-233
5997,1343
6741,-574
5869,3458
6704,2387
240,2791
-154,4165
3771,300
8899,9335
988,7381
2233,-41
6951,8944
8058,-458
9169,7408
2578,9876
1744,8034
989,2092
6324,9351
3024,2761
5832,-475
7727,6790
2037,5300
7837,4609
8471,-40
3806,5961
5302,9319
634,4907
-72,7668
7092,4996
195,458
170,1006
3067,4187
7988,6775
5091,9765
426,5793
-854,9922
2063,1167
7112,-664
4659,-847
9518,9144
4256,-593
5653,9299
8716,9249
7072,9354
-605,6955
9147,9358
6807,722
959,6758
8535,9463
8821,9498
6634,5925
1978,6035
8686,8645
3562,7546
276,4299
-593,4943
3198,3597
5871,3106
6281,5893
845,3188
9874,1850
6853,3123
9068,6757
2197,4602
1934,7472
3640,4767
4576,6196
266,3307
3202,4884
7102,8660
9619,9182
1389,-993
3085,4235
5471,5613
2164,4587
6076,-439
7141,8345
9020,2681
-397,6309
2697,2004
4349,9737
4760,-202
679,5779
9988,5874
8950,6037
9456,0
7584,1242
1640,9513
3531,7825
6393,4901
8056,8622
5128,7964
5130,9645
6047,3747
372,-388
3735,3704
1534,-923
3893,492
9165,295
7174,9373
262,5788
9565,3660
8115,2800
-820,3447
7935,6533
2520,2792
2147,4410
-493,4402
6064,1
4409,506
-922,-653
-875,1877
7808,2647
225,1890
2801,6137
1809,3167
4398,1232
4955,6725
1718,8432
192,5229
9963,2418
3598,8191
7385,3592
8219,8736
3843,3281
5464,4259
1074,1738
9906,-319
9729,7858
6390,52
8467,6219
8445,3793
2279,-656
5752,7334
9065,2891
4105,8872
6644,7684
4406,9672
1751,8026
2347,1043
4223,2654
-413,7739
9399,8273
2116,1427
3350,6558
3629,5582
441,9080
-558,4160
-895,2002
9029,9312
3534,-147
5634,9366
9077,-666
-371,4172
2897,8766
8453,6799
5690,3242
104,-170
6587,6521
361,8080
7967,7475
2402,728
3645,8388
-966,1010
-45,4102
3109,7995
6633,4743
1967,7746
1877,5116
421,1251
5285,4703
7608,2955
6556,8552
3168,2585
3575,6955
3467,3189
9636,1812
5195,9328
4845,9460
1522,6783
967,4593
6104,3129
-358,6464
8556,7886
5682,6845
3758,9141
6569,7807
3350,9724
6443,676
3751,5173
217,5405
7491,5123
4702,3958
-450,5233
8096,228
-435,6612
4336,2438
8149,7128
4119,3441
7963,5733
2836,6588
29,4657
9995,3783
-261,8654
8325,3026
9019,8028
8796,2452
2799,6192
1658,-99
-603,-993
820,5111
722,2848
4352,1934
3360,1944
1471,7828
3381,276
9107,1985
-930,4280
6438,8587
6371,-308
8974,4475
9905,8910
6822,5018
7936,4815
5801,5985
1321,2778
5295,2997
9772,4428
1212,7180
4740,3130
6100,2947
8063,1095
617,7535
3719,5347
4610,2878
1172,4659
3138,1669
6741,9242
1235,6135
7316,6728
6315,9239
2751,-970
1035,271
-130,6095
4632,9037
730,1091
415,5739
9604,-481
1839,3481
7861,1929
134,-990
1887,330
8133,3754
9715,9329
7982,1345
98,-754
3797,6259
6590,960
2745,9431
5295,-556
4493,-530
2945,640
3308,5186
1676,-497
8541,2254
5768,5028
8131,6202
2385,6028
-777,2362
7574,9650
4868,8903
8120,1709
1555,-671
5826,8235
505,1177
3526,6778
-185,5479
7642,9862
9552,678
-391,5616
8173,3939
7569,3386
-465,4023
8577,8140
2217,4126
4264,2751
7767,2947
2056,5297
2165,3019
4555,3836
7755,2608
7942,3293
2001,23
477,6222
-531,9841
5660,4140
4374,9082
3549,9717
2381,1624
-78,8430
5596,5733
8409,1553
-7,1182
359,8168
905,4278
3500,8721
7587,3389
7770,5826
8315,3156
2483,5697
3335,-507
9881,2999
6618,8333
7226,5390
6123,2864
9887,6016
165,6793
484,5527
4339,620
5413,-341
5299,957
6246,7086
3943,6339
2,2538
9549,-822
2491,2926
8411,4965
5041,7901
4970,8089
252,4894
-710,6288
8159,7409
9695,9943
5928,8674
5675,9872
9488,3300
8232,-131
5997,3684
3342,268
7193,2497
61,6996
2361,1422
5647,1520
7572,7467
4160,-35
-689,766
8880,4788
2560,5668
1492,9285
5293,9328
3901,254
4051,288
6903,4101
9952,-230
5551,5954
3265,7283
1497,4874
8020,2509
5871,8072
5426,2575
9928,-531
7316,4558
8428,7518
9309,7100
411,3114
-691,-212
3972,6984
5207,709
8843,7966
175,7689
2511,280
9191,4321
449,531
2382,9286
7580,-995
-67,755
3805,4401
1997,4955
9610,5361
-822,6482
3747,7513
4240,9513
7283,5322
959,750
57,5562
3026,793
6474,1199
6698,-725
3571,2849
6227,-703
4085,839
3912,2501
6956,2220
4329,3212
8588,9417
-216,5405
7646,1529
9020,8892
30,2405
4710,2674
6715,7244
1541,6179
4792,5630
-395,4338
7596,6877
3047,8745
2199,326
-631,2440
-65,1064
8099,-27
-448,9697
1183,1981
-916,-33
1287,7811
1855,6206
8640,2385
9598,9068
6411,5222
1438,9060
2929,2956
251,6546
3178,7072
2088,3946
1793,9721
5068,4367
1422,5866
2236,5815
7373,9221
2249,3913
7792,8645
7751,9906
9297,-781
4981,1064
4125,8874
7820,3386
2471,3396
2354,8210
1947,8009
1852,-245
2523,3823
5967,3814
8016,3419
5301,3352
3883,9600
480,4830
8090,1481
5787,3257
7620,3282
6724,3443
9263,6891
9192,3719
1252,-424
2080,3510
5124,2714
5546,-333
9914,897
4606,5949
6357,5200
647,415
333,1313
120,3128
1483,5826
-485,1534
912,7695
9904,9754
367,5406
3255,1990
8290,6009
5657,9601
-874,576
5422,2038
6380,9303
7584,7855
8896,1010
8613,395
3878,2622
6511,4189
145,6888
239,1520
2707,258
757,-885
8503,717
4559,5018
1618,2470
3915,9258
5463,8547
3964,-762
6058,4659
2296,4549
-617,8920
-347,9616
4733,8523
1228,7051
7405,3526
3726,392
8681,219
2221,-565
1861,-275
5152,9026
6120,545
2213,4970
7519,776
5658,-894
8031,9903
9189,7272
6736,329
1206,3579
1962,5076
6894,1283
1721,7954
2073,6176
7990,1479
9786,8674
1123,8234
3223,8268
6829,284
4907,579
1542,3046
2505,6683
4263,9824
1662,3795
8631,-162
231,7036
512,4323
603,-795
-19,8872
4617,1554
2821,8649
4776,2009
3115,3551
2133,-442
2716,2040
3289,756
643,2038
7301,5754
-39,6048
1725,7724
1228,5288
6186,7355
-297,2390
3747,5680
7047,1053
7499,4676
3676,331
8532,1415
-78,3620
1456,2005
4859,6427
7057,4070
-714,1410
776,7717
9119,6347
8253,7115
4485,2143
